Temperature
Day sin
Day cos
Year sin
Year cos
weekday
0.9121411344490488
1.1652687416946272
1.3627350295162122
1.4992262422196485
1.5903671832819986
1.6574976479214993
1.71249787799227
1.7596409005334737
1.8014194166053983
1.8385235527434043
1.8733333232697962
1.9057158644242402
1.933946367618142
1.957737612722537
1.9750991972940684
1.9847505298369061
1.9896148614251623
1.9931025443006536
1.9971272052589117
1.9974656703117417
1.9891739153598396
1.9750596729992558
1.973996852365108
2.0097831213235184
